30468100
29688497
30532787
8735553
32165954
31894518
32404780
25231508
12769315
10359903
10867330
14587962
22356525
28350281
12204504
28882711
10839085
31917067
11820450
30884133
32036583
2306896
30973455
26272915
8167205
29859388
28458640
32343394
30822510
19342312
23769135
19646019
17554607
29629512
25309453
27462000
26957614
30024190
23912143
31229703
30943337
32789463
30997426
29657363
27773985
20141398
19874931
2059068
8838572
31076946
31773444
26603845
16218320
32737711
27735825
10772604
29208675
24041317
24139361
28735661
31148911
28751184
35096420
31454550
16981605
29201991
14760916
27178244
33042227
12084270
31593255
28767005
26576302
31733330
27454705
29532067
21554848
31623376
28462724
30107612
30065452
26526080
33258420
31502929
32267658
10639272
30535426
24336983
9712719
12694805
12176514
9085720
28880403
28537518
9328843
16980254
33086395
26384225
29405096
28716612
27817905
27198682
26061883
11789970
33313736
31495059
31807429
12546851
31057639
32479794
15355752
25456091
26464407
30235663
25667798
21697810
30389239
30906364
30663654
14770091
28598572
26507276
31279362
27357254
20374545
27578850
33284694
33145690
32430164
9729413
32612741
32823971
26969407
28456314
30320414
31849412
28537860
32353392
28083669
26157847
23828652
32847391
33319196
26486781
20161071
8734446
31377198
23820333
28311136
32951194
32364858
27569435
30766334
26162360
24936454
29789012
22457242
19715450
25829356
28297707
26806658
30642238
25393975
28691503
25607933
24931226
25581604
23900806
1954912
29156991
27306371
24263603
24073354
33138933
28720629
32062053
28714721
32461072
32446974
18804916
10781481
32995818
31980076
32442471
30265760
28468785
27780702
25261024
23590233
9644444
28099207
1307010
30981029
28182863
26889836
33130425
25034157
17934088
26323086
33164933
10327809
32292639
31528257
31098965
18500578
31525404
23883117
16940087
31519465
31306150
25567453
25554014
27916613
32439505
12714171
29291765
31856187
31745852
26667418
11750777
19384220
29195585
31603487
30768419
31147695
23857583
31525438
30848432
24390715
18223617
25413122
32604249
11601955
25870985
32012232
14589579
32555180
16125134
15638522
22175028
32097026
26708126
24070864
17360319
10852165
9075275
30454825
30108163
20826401
28340209
17348532
24899763
24743137
26664902
15582989
10376194
32252450
32108568
31772873
18719175
29348253
29707167
31097766
21681870
25849224
11129133
28812441
25704406
32974080
17900654
29121185
29401016
32983876
27590241
11062327
24468406
32213054
17433865
30703515
14700410
10537869
30469100
17644879
32155211
9918381
28462714
25309372
16148711
11074153
27190099
32343190
30723183
19369459
26658145
28570791
25794635
26981087
15008874
27638973
27387193
31540640
12480690
32804281
30633596
28557049
33281471
28224448
32181122
31738642
32919599
32022880
28370701
19778774
26921867
16446213
10404798
16611190
2081834
26471518
32248873
24515581
26214612
31229480
29180554
33216483
27659354
29707168
32826778
30295667
29682763
31510771
16938661
32935740
31056475
27031080
26794928
29633137
27267770
25082037
25006445
23145815
30422835
30637878
28006039
33045797
24583035
29086341
26493638
32210289
33330876
31527310
25599394
29483509
26021892
20810856
32437753
29615267
16196077
26483598
31566498
26693015
32111635
31840327
11832462
32362523
26301788
32899336
26644137
25834527
9160803
30057257
24889947
21490452
27160008
8816600
27498258
32725580
31181682
14519646
30692035
27694059
24620021
28306791
32819469
9554214
10995792
32967524
30892736
10432346
26993631
28226032
7937313
32056865
33070458
31271153
30377463
24726814
20919800
15546557
29037762
17046820
31575951
14714570
33074320
28469531
25031280
22390611
27519928
27445868
26944334
30920603
28505468
26884191
27349855
24472826
15935551
32919595
32919602
8045674
17060338
30324850
15758285
29304023
14681057
31639334
25698022
19223499
30069388
28401273
15805577
11123034
30326032
25750880
25182136
29660958
27599724
29748164
25890288
25668129
28831328
1875458
26348317
32934822
31969015
2247207
26516307
25964082
9296525
11502773
19638890
27402921
25115416
17895351
24854430
30627505
30764651
28368469
19264231
18674979
17424907
19537373
19864948
25710012
31101298
21196422
32223074
19363756
27170848
35096419
17978986
24930962
29397480
31747038
27583928
1875459
26351607
28657867
26209941
31231544
30973541
30900331
25481872
10737825
25447526
30246296
25028377
30816738
27599153
30220350
27981469
30447325
28903578
29776484
23569603
32083608
19279531
12629951
12902533
30257072
28270744
30766336
11579624
30703856
17525110
28865870
29881651
7693749
16873697
33292841
31704394
26525814
30793500
28335038
26950362
15673635
32854643
18337176
24145667
26788889
12881018
25957381
31101833
31131069
30333942
26107318
22589570
31680385
16882903
12801479
11803288
30283034
32466729
31022457
28692198
33058707
27031356
26867441
29180197
26167401
24657826
24297193
23007934
16183620
15492759
30888259
28700459
31435182
30614927
27087884
26928117
21043834
32534996
32810836
17950780
15133540
30659681
27652509
31696759
28514963
26367186
31748689
25455266
25297944
20562619
32079506
31590206
32748393
32234199
26734298
30902409
24336030
17192466
11758793
32561710
31142858
27738315
32170644
29263301
26844507
32745166
15161755
28549512
16809147
12857698
12834364
12724630
18241771
16896965
28742910
25986176
27086761
26696884
31320977
31619351
30343719
19177137
25106071
16914833
24570248
32952385
29943234
9544685
17932751
21153195
9876661
25454679
31785536
24922495
1875460
32369412
34900082
33303034
27327245
26643869
31845012
30148746
28025362
9704689
27088963
28758978
16526529
25669877
24104770
30852305
32500646
17324786
33349463
30082051
27528412
11419572
8431215
7883964
33302132
30419098
31677290
26248216
26370400
32194459
30694592
28942537
27933653
22902185
16517953
9110682
1574032
25933082
31556668
30450779
29330243
27840776
25994732
24611016
24176765
24972189
30151827
27655861
32875584
25432152
9768301
14717713
27113372
31346545
31707265
30370065
26072218
32446241
26051221
19073108
33335598
30860620
31750231
28387532
23585405
27082566
25234519
30289794
15745449
33303255
15827003
25028640
30064427
32617778
29206844
31148350
26755919
32435150
30898129
26720789
23341284
22238250
20551015
27450451
32276394
12691451
31985590
25373995
10773230
25839623
12505820
26066700
15662123
32969027
32507657
32142132
25865746
31065365
7762545
11986138
26843272
26667822
21393277
24802066
19261912
25337433
31718822
8824100
21209619
24448988
18753300
33145681
26948484
16779704
32237873
27330933
16513120
31163188
31873203
22595826
32771354
21955872
31557730
17538103
10330255
28888667
33201425
29318962
32304776
25822786
28350525
16802132
32057796
31824737
30901434
27687051
26850649
26412146
33122124
22768235
27648439
26860334
26135072
18438964
32691352
12474637
26555328
10488756
19414844
31534030
9699155
28758612
18851906
18250412
29724363
29354538
29881825
29858856
19667614
16425274
27546925
33101634
27061134
33048570
24928923
25178887
25050108
26710094
22483654
32437174
31588009
22118748
20370037
27872877
18722360
11956619
31504710
30417036
21476671
27899483
25251737
33229895
28233221
20074857
16421696
32161048
19828263
21594062
32754994
14725752
26109319
8294553
30009070
32880954
24398608
29720862
30992351
30883584
11276392
28312045
25656074
23117568
8770078
28774438
27676359
31354537
17000588
27199871
27713613
30082816
32000780
31133215
18019427
15259999
12025934
31909803
10457695
30234926
15005014
29703163
31629566
29408686
28501657
12384927
25815292
29554088
31968633
28693347
11165969
24481748
25767072
16303597
31715149
31656841
28424963
33303355
33168966
30906155
23281623
28655429
25560413
17618026
31542144
29312766
17942909
9877531
25295677
31188016
29868705
29729390
27509148
19519508
24551352
23569627
29224057
20839348
25478181
24780447
29099982
9505784
24631356
8005853
30409236
10944644
9875630
25732194
25018719
20804959
10525996
31952381
33154723
30234148
23621996
20938760
20061385
31815377
7781459
21278313
26555779
26181251
25310607
10155249
29750541
28525923
25896971
32387521
33356537
30447124
30113458
28065649
28017181
18478329
32497437
10760525
28400167
28435296
26026491
15793209
32192872
22789625
33220747
15098006
23946292
33289838
29847637
28528241
26260437
31797223
12410896
32362287
25355088
25886129
31524285
24681256
31134619
10516139
15357116
29657362
26214692
25867281
29906016
32888924
31879503
26508817
12240893
23193763
31931860
31758291
31304785
27810652
31116676
32502566
25007710
10881250
33252455
30043122
30352129
27558857
29353555
27116537
22442099
30386921
26807691
25917275
26271840
26951251
32769847
11123854
26210126
25260214
12433324
20973294
31471846
29277858
25977629
10847549
25920806
23469417
31862013
29289917
32808368
29287034
28521550
33153300
28856185
27503440
29980498
26337001
28267962
26228929
10330392
24852781
32692368
17714961
30409184
30069371
29992423
9168360
31570694
22610916
25214540
17114499
33229427
29241314
10178161
7733285
31932892
24683486
23688576
31288295
29948333
29031434
32730704
32349118
31963324
33089069
30937712
17661766
25219870
25548415
28633453
33353218
29087820
27274540
28619470
23593211
27672197
29407537
26280210
15294879
20532112
32374286
29079161
27722159
17974876
33294698
31617826
31343732
26670900
9218500
31700007
31192275
25073103
29698900
27215359
19533235
27234866
28857418
24293508
32227687
25528597
31515737
31915273
31400244
23782223
29886424
18155584
31809329
11371310
29210655
32656903
31003246
15153145
30138832
30895070
26900163
27446784
29927525
32674234
29279975
26831569
30950290
30518456
28281918
32777484
32992109
30779634
25714677
22267330
14984004
33010312
27001974
17234133
30642921
22225055
33189071
30288797
18571841
9866521
25926654
30039494
32173329
9050083
32873788
25277410
32383388
32320421
9743345
30185185
1565316
30943823
32822597
28296807
23939336
28195856
27260496
22704832
31045616
26124458
28362381
30894965
33319441
9661988
1813541
26740662
29970008
33220743
30719358
30625478
30257260
27672717
28422311
31718416
27557334
18922678
16517574
27555121
25756840
21669746
33171192
28230103
16564914
31352854
30909660
27624579
30715288
32941462
22472346
29565029
33636851
18509359
25686811
19075790
27012386
30005982
28137488
27782326
22155308
32275840
27909877
31432438
14734469
30318979
17512078
17241281
31730567
26510865
30999091
15027490
26297322
31470605
28846939
26341374
30930007
28649170
28941744
31769298
27582237
30720393
31713038
12889500
30946637
12220888
11196523
31808969
18941644
30776670
29201287
2138172
28710975
31280935
27626664
8666763
8233539
27424850
30818050
32589163
30486877
31150790
24121409
30579884
20532121
29800406
27862668
28847171
31107046
30009243
8730023
30597900
30517876
28312702
28416043
29374957
29854608
21348546
30079152
31161568
28959220
27131172
28455087
22216778
20847891
18616417
29861786
30700127
25857440
31544944
27625450
25934168
21093037
27046674
20590408
27350112
28676444
29397114
31122064
18564175
30791810
30742471
32441641
19356998
31472187
11983717
29710395
30890632
25643385
30846094
30081930
19609251
12394287
11352786
31871901
30998994
25027418
16837650
31346911
9920332
30927578
31403895
24733987
30004234
27181197
33033318
28593454
17687722
28057049
2681631
29223499
29087924
9884851
28520863
2163459
30753638
30461385
28505056
32435212
30338117
17980289
25302800
26665179
26313706
15712063
26664880
24287881
26113819
10766454
33293314
8941165
12889216
9239140
12100625
28504595
29901741
28665705
28345018
33125494
26989513
30145707
32076990
27667448
31669792
30424419
27340967
29095057
21850827
27529142
31955854
26684568
24297688
32992680
31763120
24487337
29637483
26917933
31254284
32810479
25657356
17486731
28192376
32224870
22827294
33252409
32269470
27789578
22851665
30115584
33815832
26935824
30272629
16226823
31554818
29020250
29922558
27394838
14631187
25320875
24868477
30175401
32082617
11833108
31581616
31032818
30086061
32445515
18628366
9887481
8603388
8398949
11850441
29209835
17030769
27541439
1917504
32835172
32517580
20167034
16239380
10643170
30144936
24113514
25295424
25154651
31196453
23397703
29945832
31211155
11242854
32779213
26590266
32658836
30878858
16500414
12428912
29074945
31482351
31304190
27986134
25539056
30887076
29471797
2486377
15245493
31920598
27268422
30796654
18024184
31276234
29074231
32074651
28851532
28537452
24566434
20659282
32510968
31896412
11832328
10813863
9706223
31176039
31601358
28967322
31778636
24362047
30909263
15913335
28607841
30481788
28578175
27636104
30785669
22791398
16505537
15086462
14732733
29590184
17367700
12745912
8531228
15919415
29119474
27452951
27571883
31791664
31063624
26265311
25951833
23561918
15604201
30202185
29037123
25086069
33333147
32578175
15256395
32148099
28808078
29207154
27798653
26777617
25545785
25159138
28948450
20636010
31997092
33015281
32908353
30013725
30766313
24096476
33010901
17553069
26889821
20461471
19636574
25672333
32579662
31932072
33335786
25086136
29955520
18996913
28392777
30279054
25939634
28312855
33107570
8508196
28827266
28647389
2374183
26538090
18250445
19022804
22647985
32958566
17664950
10595313
32851204
32977955
32961500
30933246
26521719
26032567
10936484
11097978
31087036
30917910
15823761
26663891
30049650
30325727
25766346
10098608
30993327
26764880
31808380
22539590
30639542
33078862
26075984
11745195
29608701
32428209
32887888
12680597
27789782
25544450
30906386
16113761
31011094
29212903
32086127
29617931
28364656
32455152
28833472
26235932
27770162
17004478
25612126
29554261
26290832
31324734
17146290
10223934
1315202
10325951
31694896
11470573
26392368
10882048
29507976
1595391
32036704
28606462
26763048
17430701
29035422
26714866
24100725
18780963
32278782
30586453
28816502
18843609
18031751
26109193
25129290
26703429
24250111
30785007
29862998
27179015
32778942
31562589
28160146
25600951
32429485
19628393
30202191
30992160
18312854
1863024
29110048
27721907
28944090
23608847
28306968
23758308
15561914
31611048
33092447
28993400
26559782
30303879
29757818
26528380
26257204
12453366
9093732
29698568
28920157
32874469
27516116
29880434
31722648
26717870
30849250
32840326
29979624
32199901
31436290
11593205
15709917
30877217
22460137
17974877
32736827
10799916
30784550
12399453
30280980
2779363
26970471
17602284
28922564
8584646
30445386
30301446
18065418
22821569
32144617
29578010
32736926
31905700
31992435
29420832
24650585
32414406
27900342
33370307
28807135
27005461
30400048
32036997
32102896
31103045
30839371
26720423
23905598
8339662
12707017
28943719
10052687
30398335
29392405
28277828
23297917
17970755
25412226
29261436
24529423
31587747
31449554
23825720
32032732
32624214
22662737
17439980
12653215
31749310
31954133
20966092
28845715
24246214
2261935
28784357
22378900
32061968
28317633
27658648
1829980
27402556
27480546
10981054
30963311
28990992
28250497
26424295
26343607
12507596
27745597
23844711
28582646
26631820
8744544
33136057
29421247
12112321
25185630
28975068
27175655
33080364
30880547
25599962
28488897
28152399
22754424
9284951
32433343
34007583
30109920
1679221
26823367
25553238
23807780
21645415
33074227
27842473
30994067
30391953
27802551
20015495
32253057
33225352
19009664
33124990
26663305
31590565
24978619
30424995
31746765
31515570
11559968
32537568
32489729
31551790
28243876
9347080
31057313
32736088
7771397
23996209
28935892
28144982
8891927
29500814
27029591
32766788
32215117
31171368
21706289
15990350
33030947
32244769
31951472
29882853
27539377
25343193
16350912
25380219
29560787
28992577
32955483
19591780
28649301
27547725
32928285
27566179
29686983
9782911
28254527
32807706
28603859
11472556
1889186
33301347
26067752
12003835
27045747
26901080
26186901
11500521
30753860
32844740
31022360
27397896
12379118
32653582
28477494
26126814
27388600
12736136
32867177
27652496
17920012
20944201
32022674
25886446
20502995
30265073
30181014
33319201
30343347
28304301
32951052
31835845
30468787
27790242
32934823
8942033
31835068
26455995
26124635
28946886
20630095
11972260
32278779
19724775
29473992
26402109
31415939
31786329
30447312
31075152
26437566
12954603
31274147
29509865
19443865
29687431
29698063
32967863
9426874
26776186
26332513
30088271
28933940
24296720
27879674
10615952
26460292
16893754
33320956
32808263
28687263
2593833
28495350
29740351
14712614
26203346
29726283
15936348
23838027
14714424
27478166
15516208
23855421
17942859
26539441
21060334
25985813
23542350
11313071
28356385
12599193
31809720
32066696
12244203
32077008
22643764
31370600
29087981
31053387
27623488
25755798
25266761
15897010
7482837
12507914
25362169
30143576
17979482
32477627
28377115
23691288
24508313
32220410
29176446
27250133
29845465
27914396
27354296
24175083
21736746
16287692
33358338
29657556
28470736
33323694
25601635
31287772
8207461
12428234
27076916
30130676
34316810
31577469
29754030
29320916
26482246
16518817
11296976
32142832
33168337
24091482
29402814
26892850
29047076
25871014
17596322
33176956
31632624
28826272
32180518
29858634
28728135
19104914
31744389
28947026
25559124
31466952
28711504
24588852
19116722
9231785
32437573
21863394
32941054
31113231
19716891
8833910
28398339
32542678
31981963
10706235
23947310
11071570
12791516
18056836
27732654
16055442
2012064
19558266
24184981
23002200
32022594
31255149
22959921
29875085
29683867
29933022
32009634
31003248
26620421
30484102
19948388
17804569
11322158
9309741
23566497
32691733
11832847
32478208
29122150
32958550
30854950
7698116
28810999
15258730
31498802
29631955
33091246
30662245
29905648
16133134
31415826
28638452
25957498
10725218
26732475
30803706
32291723
1336769
17360460
30613247
32728889
32972513
24508526
32054692
30466450
30822177
30636483
30445648
10998489
28778627
30632256
27058162
12151872
3390986
26858599
25961825
15471307
30572163
19745168
31216011
24768986
29429606
27322021
31152697
32076903
31812333
12490768
12244761
26633623
24348519
24352332
21879353
19819724
26548822
32017433
32425468
14962976
32798194
32769833
32946822
17498108
15566163
29740572
25902045
9054745
2030528
28311761
25964105
11907035
30674507
26852315
7634562
29296403
15701094
29489685
21366090
27749704
24343364
23728032
26402355
27822499
23208029
11705304
29707317
28219961
27704250
27788619
25557572
30477382
26429938
24713131
15087381
23710216
10331109
11560200
32781166
30791808
29163983
28983389
29712842
25010249
21110539
26829423
29701165
30692573
21349456
31926997
30882522
30766388
26418560
31436138
26596413
16877644
16321641
18712646
25804671
31495605
11390379
32316922
25269124
25494234
30893429
28894668
17368941
27074911
31053226
29201906
31517790
22295152
26496021
21354089
27023420
10329414
33283918
32311342
31072755
17694191
20338114
27690285
29734347
2374179
20308119
33228774
30157766
17361863
32432229
7985962
3315256
24309261
28310028
32762420
32432025
33037784
30744686
27893267
26634618
25539933
29175671
30506404
25886042
31797787
32311720
16319622
29470575
29086748
32632362
22156709
28965619
32734737
21036047
21298347
31959691
8251088
31351489
1711813
26614613
30323343
32602803
31357586
26310658
17638620
28479410
32576027
33874280
25844650
24670958
32792821
27458825
29058640
29574638
26076170
27258370
26494118
17484303
26556294
26581597
28487351
28089558
30075689
30280661
33038776
26029279
25659128
19044347
32881767
15201646
11598137
9630097
11884058
31059809
32038466
10678763
30475823
28720676
28600754
28111559
31247705
28926003
33194008
32638348
30729689
33046413
27998958
25470693
24992469
30424612
20807195
19460818
16150873
18283206
32971072
29538055
28057703
32769119
29654696
32232436
25612125
26795687
29391106
18661239
28878383
33305961
27142118
30920960
27993453
31712287
11192919
12424335
22526479
27820170
27692183
21602763
32108570
29408946
20956525
32724500
24360928
28810195
31098972
22821225
31219208
28418604
31688130
30148001
31887415
27992863
27989499
24954185
21903332
31523009
26450656
29066390
27974039
22144079
32258073
29568964
30676296
30373686
31395442
10461029
30447534
29490533
25822284
10354268
27345243
29307262
32305510
30076826
15586597
9676845
30895636
31573026
27144794
25708553
17456852
30357573
22847061
25612803
22122864
9891658
27748698
26141909
26087184
24902765
26715892
32717381
29976500
32011624
31019369
29468601
31558352
24533983
20104591
29464438
30865181
27546777
20074214
28495136
25731138
28924747
26433048
17126638
28720762
23749317
26528514
29461352
31486068
30593197
32190055
31345323
29414304
27777164
30852157
29390286
26900145
27684734
30035247
22117890
32043259
29659845
25317318
32176646
31642124
29299731
27448810
20470227
32617173
27492094
22391336
10631556
32641412
26958257
28398972
30638048
27437652
27573254
31920399
28338215
31691523
11822863
32043529
27411840
30266029
27390627
25526477
32438593
26414989
25541686
16198087
24326035
32575882
32441029
28767318
33066165
27465991
31707811
24971424
17013057
33011306
10885644
26827847
30016216
10681432
31924157
16046180
8880685
26250630
30032938
30873046
32016705
29702676
21700480
24837491
28412894
24203085
16857896
28978973
30421256
10969522
25629895
12210280
32934824
11194057
10631903
9738581
1476593
30906398
19018682
8241285
14717465
31027939
24439046
31279373
12591091
28554608
10231459
32457888
33025021
31199341
31162375
2259293
15245756
31319134
31100284
24188670
30388259
27048362
25734921
26445103
16567528
25750164
9227667
33084591
23963696
31239010
30093135
25524360
24997672
25936679
18540793
23515214
28829449
26136532
32908356
31667746
30918422
31760421
33309278
31647957
20425533
28645182
27801685
30677810
24393720
11217143
32267917
27958221
1506996
29859365
31555455
31447551
28501527
32609317
31664123
14600494
30496540
24606284
29933827
8747652
8452155
27063517
33042325
30161122
31362943
28626295
26467326
23996893
29254558
22913502
30279707
33253424
27840109
7615438
31978428
17988902
32457661
17124506
26386763
26230595
29724228
26828397
31631951
32603995
30964936
12757842
25884852
25576629
14722196
30327985
10679837
28365356
32957310
14579518
28942762
24556484
20472586
15075446
11346024
30693466
31656389
25863254
7819496
27639397
26692002
31433771
32180665
20412888
20083825
28429086
10898731
30530461
24975708
24096187
32219647
29277201
28782542
28156002
24872654
2207380
32828450
20803392
8968320
19082656
33145685
15009331
24435201
32511539
14585210
29242028
28964820
31342329
30196419
31668368
27084877
32375880
21512369
30794096
31799698
29926525
32521100
28474577
31319172
27918562
17038465
27134616
10919991
31003751
19344590
20452539
25055197
31882735
22209695
31792866
27046185
30025312
26073665
32919600
27654857
8259166
29336623
10905448
28648681
25934045
27438793
31975855
33151526
32994449
33070099
1503411
30806305
28583434
31987807
27253840
9184678
24148037
28840348
24534857
19104275
32047351
28103958
27149122
26322048
27574289
8251094
30225769
29469693
11986397
28349171
10875615
32142058
31892801
30857449
29363746
28491484
30276654
28717579
23959495
19298171
16713349
31808573
21339222
8879361
16801578
10483993
29249461
28325574
24497767
33215071
29080368
31887379
32592467
29666530
26555886
30649532
16399026
12603901
17614212
32919589
29742118
15080247
12797466
31528478
27421580
28108942
20591089
17926121
25052920
16192822
10949066
31755818
28468855
32958629
24729631
12873872
31498881
31356435
29865077
29080513
11244341
18676898
32666654
20851644
30303706
8699546
26735913
25459523
31697804
10421023
31495607
30766063
29542435
19524937
19118116
14567158
23632412
31772694
28711446
28546368
30063628
19879214
29576479
31527120
33013450
32663943
32826780
32233817
24594111
32945676
32172819
29705347
12234293
30617410
27393000
25339874
23572958
28847796
30611736
29433329
28810889
27755536
26552040
26596663
30489404
31943190
26798016
30279457
18429564
28074251
28002832
16689852
27820005
28142383
27659127
30690462
20876504
22038468
32989370
23916629
27814744
31132844
30820005
32438260
31095969
33163553
28324813
28075636
27372902
27108099
27570624
32354527
22390586
8481855
31886557
26800263
25806796
25373979
30371315
31103710
25380123
8633504
27525031
18208805
31530457
32579948
26203347
27241315
30578418
25455795
31821191
27979979
27449782
30200845
28206801
32256360
32971126
29303453
25451949
25495529
20194212
21276430
28440113
25863587
32472839
25273398
32253063
18995177
27940187
30865171
25593051
31895308
29525328
12943155
26241741
22468661
31185984
32037299
29424779
33863211
27536516
27460132
26557975
9124363
28675085
16510280
21424881
27409524
20523966
25496338
26329340
30194903
23041539
25721483
31485965
25909572
11870540
31593296
11172447
32927050
29104037
25691948
32745457
31923235
27594893
30714839
19115733
32221540
27820516
17016695
31295057
27586776
15242475
21524617
8225232
27725673
30005010
25654696
8290901
2227277
30739721
15026932
31722393
3320226
31003110
26860036
32025738
30896581
30664231
29042345
1872387
27136742
17690950
30905798
27631517
31159895
29994947
24909747
29745358
16489847
29032140
27447537
17466798
32618599
9516264
28419465
25857700
26621905
22383234
31585957
28170089
31911761
16760027
15284056
22885294
25722510
29227460
30241794
31476880
29736335
25299460
29843242
24270800
28503095
15870440
9504038
31505759
23179033
10644659
26951587
26045235
15147602
29632024
10051226
12218709
22772721
7588434
25367753
30676657
11815752
30538889
28458895
11567332
31402042
14722620
33022079
17089041
7472597
33096188
30260809
16728727
17554608
11901175
25563355
33263287
24978022
32151432
12716435
33145684
27391620
27650655
22726651
16893526
32585491
29248643
10722696
30223406
25643739
12845523
28723710
30226128
28957552
27415467
27993558
31714370
27082433
19045659
33165120
26900161
32299383
19783256
30316931
8015095
27064263
29506037
26377400
28732019
33172933
22522845
27648081
18429566
30909230
25440098
8594918
28419414
26518524
10981484
26865386
32111449
29929914
12573141
29608338
16126911
24434827
26516794
29533311
28238088
30818060
9455722
32898649
28092792
16709360
15134281
12229286
2155633
33102487
25229259
30764653
33194176
29403315
26196076
25860262
20724933
31173768
26203348
1401072
29659789
33258737
32433897
30029210
32200431
28906037
26690912
23292045
10220458
1856892
32447194
18006117
11966777
29657364
30478118
21339216
30789035
28323324
11752132
27068170
17120940
27981599
16304243
32522024
32885193
30850251
27693262
29304196
29257787
32982068
28528244
27820575
30766081
29077410
16221458
33145245
30686388
33328717
25885708
12323121
33089056
31008438
29797218
8090894
2814348
29084566
23196671
25941990
31144665
30730439
30776492
26953180
31066973
15957785
10941713
8744541
27826092
32980364
33062555
26844713
29432132
29807129
31712801
29923105
30318773
9110711
31294933
20560747
26235959
30260975
9385348
31308434
2171953
12545695
27450468
31944817
31586443
29520520
27070453
28427578
21573902
32492552
28847450
32715922
29034360
31874300
31397801
14758772
11135072
27704730
30906346
8843772
27065044
3258460
25894799
24035762
31828019
10433070
31922682
11294936
29513036
28223153
32632497
28900205
20833992
29533870
29520728
29553364
28965248
26028097
14711064
31582358
31414354
32469827
23654401
31747050
28691551
29081045
28012830
26501255
21571406
31094890
11153668
29483507
28950753
24432188
31016254
28206804
33192959
24165798
32213082
8635383
32769827
24890000
32213352
32919580
17581975
15561546
30890047
27250735
11120071
29540582
31594949
30987214
29034780
31895424
15270610
26589765
18837176
14668064
28108685
33110487
31098970
20482780
15650260
32548238
32171335
31046835
11752033
33129936
29771142
12032751
30705580
26446211
29100198
26625355
27172873
31844180
24283885
7690428
29877922
28643268
29676680
24559843
33220949
15055714
30829317
15351723
12230679
23637137
31606237
7914401
33106999
29952727
33336250
30314907
32226679
29805948
28611974
26839391
26624112
25385758
26330748
30710898
25574446
32974662
14596884
10970255
32749490
18192226
29312499
29684763
10917986
25191131
11244158
31175996
27292316
24374509
28428111
15908785
18154625
12679321
24520818
11011839
26426471
27721645
26005274
31591443
19537053
10458411
32958645
31760320
28570280
32726475
26339297
18184049
25224980
32919588
28233021
27175226
30336587
31764603
27594967
26792271
25723336
23179954
7840160
25256642
20504685
30474484
11231022
33218041
33166994
28646511
30690084
32979926
28367699
32132006
29462788
32897171
30632606
26487340
26700351
26131823
18090670
12361426
31411143
16574377
11797308
12123710
28338439
25925177
23091604
26900932
11790228
28827841
17175394
31786330
32141772
29153783
19780378
32060937
32754941
24949228
32259825
19122085
24611998
32919597
8617388
27794319
25585137
25706094
31366526
28081037
27604728
27655474
31848863
20564362
23335266
28490342
26842254
32784458
16957994
27436165
26555507
27461783
9600280
32805226
32272356
23730149
30423584
1477251
11872366
11702298
17242154
33678951
32682228
30354400
25568780
29337777
24824516
33052061
30667564
26348095
25985785
21817164
26356715
20356703
30503779
25545398
25727373
29164549
25111910
24891623
25191130
26497680
20087150
28328314
25731916
33072297
12643860
31763236
18178593
18188758
25318799
30688986
29788494
31451708
32258448
25814630
32795840
32474130
30597198
25197279
10668738
16153890
15200150
8464252
17209145
11021468
31137916
23269199
26596845
1603678
30109752
9724003
1516225
22521225
30855719
25650948
32816921
1659634
20124801
27022460
32835226
31984324
33170519
26940627
28691385
32600867
26902236
15479866
23761790
26287472
16706710
33678952
29463834
23573081
16323002
33273623
24416145
28636898
32395089
29047199
31246695
28751508
25022514
26126993
12664565
28728114
10232580
16884698
11939465
32380578
27973746
29667941
22669204
1285937
28120185
31739858
31170296
7540046
29616500
28058962
29119864
32072035
28821285
24809760
27358078
30407848
24322646
12411648
28778449
30001178
30595717
18250428
32949502
11916373
30935244
27696523
24811850
27553104
25879211
8462776
33367543
28341281
32909229
31575381
22779732
12734143
32698812
31310189
30451564
22331061
10682977
31043106
32827237
30652643
27175972
9091529
24666606
32982677
26071088
9144583
26715893
21420986
32096080
12695273
32401313
30442532
16839816
26818601
32919606
30045359
27783130
31420933
30293778
30789661
23204472
10139093
30948709
32617403
29846105
32976941
31795653
30677792
25880953
32437246
25688354
19506735
30784356
31433343
19162277
27166613
25022534
12829644
10883610
30181272
24947697
28107422
27551828
11411264
32706693
31844421
31560690
29321511
31098974
25958315
19273070
26492149
10770345
16118406
30758116
28753165
27729270
26546136
17638619
27354394
29847406
26253304
32132821
28120514
28629367
27411709
31451065
33236131
31113819
33032740
32725671
30770886
16303598
32682205
26239232
27040138
32428664
31218825
27625440
27539605
30075366
30137520
30102320
26368003
31095132
33191763
24484673
15465628
28913674
30600557
31470449
15350653
32931873
32837234
26961390
31212213
28736837
27922854
27376095
32810415
30617593
32179606
24877834
28365748
28704467
30299136
30531493
28038892
23979272
27531671
21723296
14719195
12220195
32333344
15862743
32767201
16236822
30450476
28032921
26686870
25648431
32469840
25892153
26833711
32822210
27831949
21636819
8479127
25443304
25229560
18164348
27677778
26862737
32155022
30004375
28740427
28444147
21792276
16144954
25385466
23938167
16417578
28256224
29955487
26339924
27857634
10764812
31074844
24489593
29243111
29084107
15268677
32040050
29275368
15367901
30579176
32973608
31295190
28617209
25875049
11054380
30339740
17980325
31185251
32242312
25716642
18077192
14597759
1965010
30213330
26546337
12761002
25229335
12578821
20948371
29954826
12234985
25664233
33274368
33011344
25767968
17566558
30857712
30976697
12455946
28636899
32780851
30284867
26831442
26093830
17914912
31658897
29870423
32366226
9797984
29851155
29734997
29877728
26280996
31420334
25553977
9444583
32396684
29768430
8478761
15704087
25586755
29469694
26135626
27445196
33070980
32779747
31424102
26529285
30633154
32697171
26633899
24490093
31011964
11704838
25605931
32148468
32873018
30026286
28383396
23830909
24120284
32859886
10732172
31893687
27359171
12920254
8376288
16532415
29124111
29759143
28843525
31763433
28369870
27604721
18419438
27586774
22645889
26886418
15174101
28716049
15050429
7858103
10866024
24389520
28854401
31651495
27275019
29889118
25170298
15928873
19327188
26092851
30790739
25840912
27058676
27585803
25279317
31134604
30653223
27132485
26854283
23785016
17245772
1627958
12752347
12528312
32936695
31412170
28476277
26421592
29936986
26871643
32365973
27922896
33196113
30476209
28760602
26913669
24681647
17543689
15561119
12126589
10320146
29995206
31832347
27083363
15727946
9002923
24817899
9305314
32097193
31688223
29628477
22796102
29935981
31419240
31042094
29318011
27798815
27497468
33293092
31540730
30711054
23204944
28673740
25271655
30279550
33041851
27530098
28751167
26350565
18632036
12213984
7595649
32826779
27764766
26594873
15017435
25756489
25941285
28235858
27482241
24722537
23243397
29590422
27517467
12089700
18022047
33290324
30566976
26895667
21196131
17455033
27052977
32301141
12003049
31206308
28557566
27736139
9555269
10487389
33346846
27478600
9653417
25550162
12136513
28103415
32702390
30580851
29651256
28884447
28045880
29657312
21823766
31951358
26210871
15712785
31421325
29497934
32259563
20846268
25436445
31318832
30901426
25597586
12610691
27348510
21833794
32150219
31166786
32375906
32669325
26946446
26911135
33106874
32362561
28356337
21646644
27066530
22174214
32941567
15802268
33337531
14964988
29047224
29363176
31253238
8770717
27106298
27578040
29864086
28674484
24284744
32523306
30942195
29707166
17990363
8822750
33176760
31278968
32931298
33125721
29092582
28149268
24594937
16084325
32098688
30415610
32821028
30283100
25284809
29496542
32771458
17168650
32671870
11782124
33005830
31750143
15189773
32850504
24530942
30224266
27302546
26250631
33198436
10024124
30202855
27935974
9415617
19654540
11517074
32513967
24817338
33092459
29134419
32711070
32697170
26112921
31798395
30789037
28177555
27185520
29564659
32850036
29059412
15713171
32919584
30297679
24085033
1509979
26885803
30768542
27925867
27628760
25520334
29738736
21958604
11693771
25924611
32729617
9786384
15479720
31926791
30222612
27714482
30177403
33169862
33008348
19412711
9831984
32827995
9209731
29317987
30063450
15684608
12812866
30774783
32728958
9571749
24692245
26598288
28159181
26621911
14576287
18832499
30705520
32947546
15502459
32586831
19795032
30430570
9362242
30922541
26184649
32215325
31442483
26928076
25092084
8996294
31148210
32675504
30321601
33234182
31659659
33220974
31441882
28267028
30190876
20503263
15457127
30563760
30149059
28051641
27793224
17103212
15464828
12552047
32727722
28011582
2362305
30510919
29520369
25682549
25231767
25180631
33101276
32771575
33313517
29493408
9717878
24909176
26102046
26318850
30201613
26877708
9593746
30379346
8878399
28412213
22938895
29042318
31435327
29456071
15527703
28104974
30875411
23894173
25254633
25614420
25661517
30245059
31537575
20934273
24733352
31185515
32928540
30840700
30398389
32679255
28125459
33095114
30377187
28228282
29531893
12605036
10360770
8006383
7700122
29582088
20734387
32250141
26262129
27476804
33306930
31678410
26792801
32564489
25265308
17805509
16361538
1909498
32674219
28615152
28815092
32266135
19013574
28966902
7989772
25105073
31396814
25085903
24577205
32368736
9216738
30058819
10499941
32186734
31713043
31971571
31900041
32546605
30423469
32662049
15605939
18838754
33141839
29191943
26793783
18488585
31199308
30352666
22174056
30480100
31477475
23082060
29485019
22087924
17434235
28266890
31163136
28290942
29344747
25188895
24781435
33245103
30766686
23421961
28510954
23932529
32982838
28278389
9707275
17693030
24588298
31186548
26121096
12828088
31969175
8388040
28746706
23900179
25855796
33025254
25659460
32331821
28092790
32237804
26616873
28537858
26039989
30448304
24188155
32970633
27976535
28438646
30446565
22707249
24814485
31073505
1766030
10350954
28552728
31705502
29334512
26865052
30025218
27287994
8823952
24926075
11350772
32433346
9210472
28280140
31589352
28885065
14523222
28873440
28677990
30251215
31415197
28245821
27624167
31103941
29633130
23345558
26564599
33203736
28328031
26825263
21511828
11730765
10228037
28062685
23511336
29417142
31045614
27618307
31542131
29356812
31131033
28055143
23211111
32386247
26053887
25034900
31809976
31213824
28724144
27026229
30237431
24743216
17218113
28977754
8955186
28112433
31536102
8610194
15703677
32875499
26211726
12896845
27693539
26768388
8419107
21218861
25856396
32712008
30121017
1449136
30113519
27653240
32902128
19236250
27054088
26124307
28631653
25761550
24772237
14708080
32657794
1350296
17472996
32919594
22102319
30626563
27849501
27367335
32971391
26390348
25593319
19874987
11950631
31127819
31079478
25670018
10203120
8039692
26705060
26474112
15613374
18298239
11608952
31435497
31649420
23684900
26395333
23813577
31262890
11600529
27660487
31081386
28456323
32885176
32801991
26391532
25324990
24092588
15364330
32673038
24042205
32103029
31336525
29498911
26444807
30568472
27234863
26207239
24416649
23218196
15108906
10830408
31811588
23839339
15122202
22198444
10613352
28787015
30854931
32401291
27589256
7522530
10680020
27913314
28887203
22157480
31003910
32723537
19882497
14590560
30394526
26806403
29672218
26380876
17548601
33215168
28688158
27901064
32513292
30656190
29092586
26728893
25572956
17297594
29743223
21992778
15744594
26900305
32304766
32553525
8251089
22978891
30084522
27480257
32131755
29483064
27344030
10197516
9344761
31245191
31229764
19702425
31390036
21664733
31154446
28466972
33373111
29071767
25500746
27670227
24326454
32265354
28833866
30173354
32691008
31469411
30499372
33323175
32301045
17139742
30204893
18286999
25790886
24989489
32180738
27211515
33100633
11063641
31691842
29677019
10787038
1595823
24761367
1347550
30085285
26424038
28344919
10085196
31408836
27373453
33190768
26652756
21387549
15654973
31099869
9038535
21704307
28970137
12888305
33179770
31706546
8140892
31068711
29079542
