27431869
27241564
10969234
25973935
32239558
16308068
25601252
9928710
8447879
25805034
25618768
23279243
25943288
24746859
33012392
29681309
25865285
24703065
32569406
21040110
21050624
8179753
26782662
9279700
32005410
32241707
19857417
15138961
29361240
32317122
24997564
24768336
19799568
26363429
2302280
15769571
25807868
8630165
16204142
25070194
30017533
29505177
27262665
10102326
28835410
26003004
25039552
24051008
11699000
25423908
28802541
27717588
29716798
17606087
21820211
27251553
12712033
28545697
27322591
33174622
29383075
3415739
8630166
24613595
30545731
25952707
9398778
26574729
22978731
23548402
25481113
16798167
1996791
17559972
9672450
1952309
17098118
20370764
24033620
21676052
16787797
32204999
18926373
25737211
20692787
30803850
22030192
21782554
29169886
32558073
8080141
30001816
25085547
30878406
27567423
23522955
20825799
32216994
28802783
30236325
22883714
18304055
25724622
8476450
23158600
8161398
30100331
18022494
17276846
10338238
30375082
11853216
10919543
19041564
10729669
19443168
7893316
28262320
27377967
12369031
23582617
32487459
17379596
28965366
15995102
30392737
30017686
15637317
32829996
25943042
25154345
27793503
16984839
15261350
30031507
19460593
27568447
20579561
11103738
28748625
30800847
26763939
33135274
7497036
26202847
23261312
32087869
15138951
20825846
24238319
19303236
19167623
29525476
26765246
19145713
25453853
16984841
24534809
25224173
10729676
23790481
7832963
32854965
24993683
1319709
25805032
33129647
8503537
22720858
31913823
19091292
30144865
26004739
31722393
8447872
27286136
28736093
21166731
9375545
29269001
33263357
16141015
10919525
32471584
26349780
2719362
29699898
16217365
32853423
22687183
12671806
22445678
29277130
26070383
28941556
25932707
19328377
3225448
9950391
9725973
25042620
26475486
25176565
24768668
23787209
27311639
14724879
33162264
31095014
29929656
31221474
15635301
8031443
32634172
29265543
32354527
20887907
24910108
18410815
7662055
28684060
8333633
33071085
29776497
24746847
1834070
22092901
20887913
26577429
28375565
26915556
25912879
22905961
32278571
8768171
30342729
23017469
10338259
19564091
32739860
27620844
25260346
15672340
23665997
29752833
25730572
2024791
26241721
29980462
25308825
26568385
21620608
28780233
27021131
8842918
32767696
30146399
32307294
32376089
1616529
2783838
11823766
31522927
25908403
26794455
26113020
27847253
29169885
20605261
30446050
17509729
9827734
25035768
29146419
25807995
17307641
25043627
31959314
26368925
27976494
31924465
16857472
16723725
17210201
28336240
26643161
9928689
28855065
23928328
26947799
22588401
25908114
23916018
31732374
25455475
1928884
25936477
27265097
26795889
16434337
24908442
19673705
24972961
27717129
26488570
1616523
20627217
33183680
30274946
31787445
8782032
25795431
12563582
9115510
23937807
25772721
29071767
29117959
29514749
26250838
9701295
9262704
33308916
31006602
17157706
30922708
21296525
28625532
32678934
